
x_0=5.0
29.000000,869.000000,756029.000000,571580604869.000000,326704387862983503511552.000000,106735757048926755512911448358783973263883108352.000000,11392521832807517910156705972454825413270323077296696344674717473547680417963093410762956210176.000000,129789553710995969528888350454867503901421580457853410607494541169466545386822923863891646406205230348284409054538551536556382721858290831519361286595979730815694122526919516806960486809600.000000,inf,inf,inf,inf,inf,inf,inf,inf,inf,inf,inf,inf,
x_0=-3.0
5.000000,29.000000,869.000000,756029.000000,571580604869.000000,326704387862983503511552.000000,106735757048926755512911448358783973263883108352.000000,11392521832807517910156705972454825413270323077296696344674717473547680417963093410762956210176.000000,129789553710995969528888350454867503901421580457853410607494541169466545386822923863891646406205230348284409054538551536556382721858290831519361286595979730815694122526919516806960486809600.000000,inf,
x_0=0.5
-0.250000,-1.187500,-0.777344,-1.173080,-0.796963,-1.161813,-0.812003,-1.152654,-0.824043,-1.144996,
x_0=-0.5
-1.250000,-0.687500,-1.214844,-0.738998,-1.192880,-0.769918,-1.177144,-0.791475,-1.165042,-0.807719,
x_0=0.0
-1.000000,