
h=1.000000
1.000,2.000,3.000,4.000,5.000,6.000,7.000,8.000,9.000,10.000
-1.725,-4.050,24.425,162.100,559.375,1462.650,3238.325,6396.800,11616.475,19767.750
h=0.750000
0.750,1.500,2.250,3.000,3.750,4.500,5.250,6.000,6.750,7.500,8.250,9.000,9.750,10.500
-0.610,-4.002,-1.889,24.408,110.653,315.393,725.649,1462.616,2687.354,4606.488,7477.900,11616.424,17399.543,25273.086
h=0.500000
0.500,1.000,1.500,2.000,2.500,3.000,3.500,4.000,4.500,5.000,5.500,6.000,6.500,7.000,7.500,8.000,8.500,9.000,9.500,10.000
0.265,-1.733,-4.005,-4.066,2.824,24.402,72.154,162.069,315.384,559.336,927.913,1462.603,2213.143,3238.270,4606.472,6396.737,8699.302,11616.404,15263.031,19767.672
h=0.250000
0.250,0.500,0.750,1.000,1.250,1.500,1.750,2.000,2.250,2.500,2.750,3.000,3.250,3.500,3.750,4.000,4.250,4.500,4.750,5.000,5.250,5.500,5.750,6.000,6.250,6.500,6.750,7.000,7.250,7.500,7.750,8.000,8.250,8.500,8.750,9.000,9.250,9.500,9.750,10.000
0.814,0.265,-0.612,-1.733,-2.947,-4.006,-4.548,-4.067,-1.895,2.823,11.154,24.400,44.119,72.152,110.644,162.067,229.246,315.381,424.071,559.333,725.635,927.911,1171.585,1462.600,1807.437,2213.140,2687.337,3238.267,3874.802,4606.469,5443.477,6396.734,7477.879,8699.299,10074.153,11616.400,13340.818,15263.027,17399.518,19767.668
h=0.100000
0.100,0.200,0.300,0.400,0.500,0.600,0.700,0.800,0.900,1.000,1.100,1.200,1.300,1.400,1.500,1.600,1.700,1.800,1.900,2.000,2.100,2.200,2.300,2.400,2.500,2.600,2.700,2.800,2.900,3.000,3.100,3.200,3.300,3.400,3.500,3.600,3.700,3.800,3.900,4.000,4.100,4.200,4.300,4.400,4.500,4.600,4.700,4.800,4.900,5.000,5.100,5.200,5.300,5.400,5.500,5.600,5.700,5.800,5.900,6.000,6.100,6.200,6.300,6.400,6.500,6.600,6.700,6.800,6.900,7.000,7.100,7.200,7.300,7.400,7.500,7.600,7.700,7.800,7.900,8.000,8.100,8.200,8.300,8.400,8.500,8.600,8.700,8.800,8.900,9.000,9.100,9.200,9.300,9.400,9.500,9.600,9.700,9.800,9.900,10.000
0.970,0.881,0.732,0.526,0.265,-0.050,-0.414,-0.820,-1.263,-1.733,-2.219,-2.707,-3.181,-3.621,-4.006,-4.310,-4.503,-4.552,-4.421,-4.067,-3.444,-2.503,-1.186,0.567,2.823,5.654,9.140,13.364,18.418,24.400,31.414,39.573,48.997,59.811,72.152,86.163,101.995,119.808,139.773,162.066,186.877,214.401,244.847,278.431,315.381,355.934,400.341,448.860,501.763,559.332,621.863,689.661,763.045,842.346,927.909,1020.090,1119.258,1225.799,1340.108,1462.597,1593.692,1733.831,1883.469,2043.076,2213.135,2394.147,2586.626,2791.104,3008.127,3238.260,3482.082,3740.191,4013.199,4301.739,4606.459,4928.025,5267.123,5624.453,6000.739,6396.719,6813.153,7250.818,7710.513,8193.054,8699.278,9230.044,9786.228,10368.728,10978.464,11616.376,12283.427,12980.599,13708.896,14469.348,15263.002,16090.932,16954.230,17854.018,18791.434,19767.643
h=0.050000
0.050,0.100,0.150,0.200,0.250,0.300,0.350,0.400,0.450,0.500,0.550,0.600,0.650,0.700,0.750,0.800,0.850,0.900,0.950,1.000,1.050,1.100,1.150,1.200,1.250,1.300,1.350,1.400,1.450,1.500,1.550,1.600,1.650,1.700,1.750,1.800,1.850,1.900,1.950,2.000,2.050,2.100,2.150,2.200,2.250,2.300,2.350,2.400,2.450,2.500,2.550,2.600,2.650,2.700,2.750,2.800,2.850,2.900,2.950,3.000,3.050,3.100,3.150,3.200,3.250,3.300,3.350,3.400,3.450,3.500,3.550,3.600,3.650,3.700,3.750,3.800,3.850,3.900,3.950,4.000,4.050,4.100,4.150,4.200,4.250,4.300,4.350,4.400,4.450,4.500,4.550,4.600,4.650,4.700,4.750,4.800,4.850,4.900,4.950,5.000,5.050,5.100,5.150,5.200,5.250,5.300,5.350,5.400,5.450,5.500,5.550,5.600,5.650,5.700,5.750,5.800,5.850,5.900,5.950,6.000,6.050,6.100,6.150,6.200,6.250,6.300,6.350,6.400,6.450,6.500,6.550,6.600,6.650,6.700,6.750,6.800,6.850,6.900,6.950,7.000,7.050,7.100,7.150,7.200,7.250,7.300,7.350,7.400,7.450,7.500,7.550,7.600,7.650,7.700,7.750,7.800,7.850,7.900,7.950,8.000,8.050,8.100,8.150,8.200,8.250,8.300,8.350,8.400,8.450,8.500,8.550,8.600,8.650,8.700,8.750,8.800,8.850,8.900,8.950,9.000,9.050,9.100,9.150,9.200,9.250,9.300,9.350,9.400,9.450,9.500,9.550,9.600,9.650,9.700,9.750,9.800,9.850,9.900,9.950,10.000
0.993,0.970,0.933,0.881,0.814,0.732,0.636,0.526,0.402,0.265,0.114,-0.050,-0.226,-0.414,-0.612,-0.820,-1.038,-1.263,-1.496,-1.733,-1.975,-2.219,-2.464,-2.707,-2.947,-3.181,-3.407,-3.621,-3.822,-4.006,-4.170,-4.310,-4.422,-4.503,-4.548,-4.552,-4.511,-4.421,-4.274,-4.067,-3.792,-3.444,-3.017,-2.503,-1.895,-1.186,-0.368,0.567,1.628,2.823,4.162,5.654,7.310,9.140,11.154,13.364,15.781,18.418,21.287,24.400,27.771,31.414,35.343,39.573,44.119,48.996,54.222,59.811,65.782,72.152,78.939,86.163,93.841,101.994,110.643,119.808,129.511,139.773,150.617,162.066,174.145,186.877,200.287,214.401,229.245,244.847,261.232,278.431,296.470,315.380,335.192,355.934,377.640,400.341,424.070,448.860,474.746,501.763,529.946,559.333,589.959,621.863,655.084,689.661,725.635,763.046,801.936,842.347,884.324,927.910,973.151,1020.091,1068.779,1119.261,1171.585,1225.802,1281.960,1340.111,1400.308,1462.601,1527.046,1593.696,1662.608,1733.836,1807.440,1883.476,1962.004,2043.083,2126.776,2213.144,2302.249,2394.156,2488.930,2586.637,2687.343,2791.116,2898.025,3008.141,3121.534,3238.276,3358.439,3482.100,3609.331,3740.210,3874.814,4013.221,4155.510,4301.763,4452.060,4606.485,4765.121,4928.054,5095.369,5267.153,5443.497,5624.487,5810.216,6000.776,6196.259,6396.759,6602.373,6813.197,7029.328,7250.866,7477.911,7710.565,7948.930,8193.110,8443.211,8699.339,8961.602,9230.108,9504.970,9786.297,10074.203,10368.803,10670.211,10978.544,11293.921,11616.461,11946.285,12283.517,12628.277,12980.693,13340.891,13708.997,14085.142,14469.454,14862.067,15263.114,15672.729,16091.050,16518.213,16954.355,17399.621,17854.150,18318.086,18791.572,19274.758,19767.789
h=0.200000
0.200,0.400,0.600,0.800,1.000,1.200,1.400,1.600,1.800,2.000,2.200,2.400,2.600,2.800,3.000,3.200,3.400,3.600,3.800,4.000,4.200,4.400,4.600,4.800,5.000,5.200,5.400,5.600,5.800,6.000,6.200,6.400,6.600,6.800,7.000,7.200,7.400,7.600,7.800,8.000,8.200,8.400,8.600,8.800,9.000,9.200,9.400,9.600,9.800,10.000,10.200
0.881,0.526,-0.050,-0.820,-1.733,-2.707,-3.621,-4.310,-4.552,-4.067,-2.503,0.567,5.655,13.364,24.400,39.573,59.811,86.163,119.809,162.067,214.402,278.432,355.935,448.861,559.333,689.662,842.348,1020.091,1225.801,1462.600,1733.833,2043.079,2394.150,2791.107,3238.264,3740.195,4301.744,4928.031,5624.459,6396.726,7250.826,8193.062,9230.053,10368.736,11616.385,12980.605,14469.353,16090.934,17854.016,19767.637,21841.209
h=0.200000
0.000,0.200,0.400,0.600,0.800,1.000,1.200,1.400,1.600,1.800,2.000,2.200,2.400,2.600,2.800,3.000,3.200,3.400,3.600,3.800,4.000,4.200,4.400,4.600,4.800,5.000,5.200,5.400,5.600,5.800,6.000,6.200,6.400,6.600,6.800,7.000,7.200,7.400,7.600,7.800,8.000,8.200,8.400,8.600,8.800,9.000,9.200,9.400,9.600,9.800,10.000,10.200
1.000,0.881,0.526,-0.050,-0.820,-1.733,-2.707,-3.621,-4.310,-4.552,-4.067,-2.503,0.567,5.655,13.364,24.400,39.573,59.811,86.163,119.809,162.067,214.402,278.432,355.935,448.861,559.333,689.662,842.348,1020.091,1225.801,1462.600,1733.833,2043.079,2394.150,2791.107,3238.264,3740.195,4301.744,4928.031,5624.459,6396.726,7250.826,8193.062,9230.053,10368.736,11616.385,12980.605,14469.353,16090.934,17854.016,19767.637,21841.209